06 13 49 63 66 15
09 14 35 60 67 08
33 48 58 59 67 23
28 42 43 51 64 02
23 31 34 58 61 11
02 10 19 50 53 12
26 33 34 38 59 01
15 26 41 47 66 05
03 06 55 60 68 04
13 33 43 63 65 23
21 22 24 53 56 19
08 32 36 46 60 10
02 06 38 48 54 02
02 31 42 43 46 09
15 17 22 27 60 19
45 59 62 63 65 24
29 32 40 60 62 14
07 20 51 56 58 15
11 16 30 51 54 13
04 29 35 36 56 09
06 39 53 56 57 18
03 12 16 36 57 18
06 24 27 55 57 06
25 37 39 51 61 26
10 29 37 45 51 26
02 10 43 55 62 19
04 31 35 36 48 19
27 43 58 63 68 19
22 25 33 47 62 08
25 33 40 49 61 17
